****TIME**** 
26.869517 
26.888709 
26.908217 
26.929537999999997 
26.949344 
26.969099999999997 
26.989669 
27.008333 
27.028655999999998 
27.048229 
27.068168 
27.088527 
27.108704 
27.129213999999997 
27.149006999999997 
27.169408999999998 
27.188730999999997 
27.208619 
27.229219 
27.248773999999997 
27.268722999999998 
27.289012999999997 
27.308816999999998 
27.329048 
27.348976 
27.369884 
27.388979 
27.40901 
27.429831999999998 
27.448708999999997 
27.468723999999998 
27.488685 
27.508864 
27.528616999999997 
27.548545999999998 
27.568644 

****Chassis Velocity IMU***** 
-0.0 
-0.0 
-0.0 
-0.0 
-0.5240437675950194 
-1.0485654834984717 
-3.9686285762995546 
-6.610948213881403 
-11.279143858891727 
-15.787726677892664 
-20.359049995903234 
-22.320142410342225 
-24.260606765561054 
-25.821530520944865 
-27.333045481503863 
-28.87948369621097 
-28.442802151979162 
-27.99043442009756 
-28.10188433130852 
-28.2084251407648 
-28.317112785945827 
-28.7437000738282 
-29.160441765867024 
-29.095897296744436 
-29.031765207475253 
-28.9643853126413 
-28.923872580705243 
-28.881503027439962 
-28.934816981337125 
-28.98342843265023 
-29.034973156004316 
-28.877880725509616 
-28.718750577413026 
-28.500850969751774 
-28.280664600325736 
-28.05924191098315 

****Chassis Velocity Encoder**** 
3.344543519125E-311 
3.344543519125E-311 
3.344543519125E-311 
3.344543519125E-311 
-1.3557514435522662 
-1.3557514435522662 
-15.939148033267909 
-15.939148033267909 
-23.023333634195115 
-23.023333634195115 
-23.023333634195115 
-24.107663837814425 
-24.107663837814425 
-25.866116535816474 
-25.866116535816474 
-25.866116535816474 
-26.382923091527104 
-26.382923091527104 
-27.056083156108272 
-27.056083156108272 
-27.056083156108272 
-27.7280643063907 
-27.7280643063907 
-28.138326482352603 
-28.138326482352603 
-28.138326482352603 
-27.54689645599232 
-27.54689645599232 
-28.176051739912317 
-28.176051739912317 
-28.176051739912317 
-27.176332414579868 
-27.176332414579868 
-27.777578706937824 
-27.777578706937824 
-27.777578706937824 

****LEFT Wheel Speed IMU**** 
0.00869546999999979 
0.008201969999999793 
0.008201969999999793 
0.008201969999999793 
-0.48964419321971364 
-1.0140862510717605 
-1.9208886995143413 
-4.561080637151648 
-10.07735412509039 
-14.595819147231712 
-19.156570806068924 
-21.652695123703243 
-23.593544091053378 
-24.73419833375997 
-26.24997408349634 
-27.79215150902607 
-26.596578735786863 
-26.144074536189816 
-25.79534077882305 
-25.901581903089347 
-26.010242304162187 
-26.404929056853177 
-26.821712831260143 
-26.88466304420383 
-26.82054383027882 
-26.752729392579408 
-26.77826297959367 
-26.73588286720133 
-26.511958140907463 
-26.560564441611184 
-26.612109164965272 
-26.291548048969634 
-26.132283899856716 
-25.902901265489888 
-25.682284391807215 
-25.46151297813497 

****Right Wheel Speed IMU**** 
-0.00869546999999979 
-0.008201969999999793 
-0.008201969999999793 
-0.008201969999999793 
-0.5605144513071513 
-1.0841333759612153 
-6.031687892684357 
-8.667482583769981 
-12.496331444098876 
-17.01640519698408 
-21.57118157020082 
-22.990474287965522 
-24.931804020479884 
-26.915482148458175 
-28.428823161521873 
-29.970087560799254 
-30.288365974213743 
-29.835770796139833 
-30.40926155350434 
-30.515502677770616 
-30.62414128355691 
-31.083102326325903 
-31.49994922428512 
-31.306967388646978 
-31.242886800754444 
-31.174872795220534 
-31.06934702499037 
-31.02694790616931 
-31.357783984563735 
-31.406390285267456 
-31.45792985801216 
-31.463953282429653 
-31.304302895093194 
-31.097939665500313 
-30.87704682755054 
-30.656617609569487 

****Left Wheel Speed ENCODER**** 
3.344543519125E-311 
3.344543519125E-311 
3.344543519125E-311 
3.344543519125E-311 
-1.4146971584893213 
-1.4146971584893213 
-15.609278743908618 
-15.609278743908618 
-24.049851694318463 
-24.049851694318463 
-24.049851694318463 
-24.627973129278043 
-24.627973129278043 
-27.431862088832002 
-27.431862088832002 
-27.431862088832002 
-27.53708018999464 
-27.53708018999464 
-28.61932351623897 
-28.61932351623897 
-28.61932351623897 
-29.00129174903109 
-29.00129174903109 
-30.06231461789808 
-30.06231461789808 
-30.06231461789808 
-28.712578043216944 
-28.712578043216944 
-30.298097477646305 
-30.298097477646305 
-30.298097477646305 
-28.739572774710567 
-28.739572774710567 
-28.980071291653747 
-28.980071291653747 
-28.980071291653747 

****Right Wheel Speed ENCODER**** 
3.344543519125E-311 
3.344543519125E-311 
3.344543519125E-311 
3.344543519125E-311 
-1.2968057286152113 
-1.2968057286152113 
-16.2690173226272 
-16.2690173226272 
-21.996815574071768 
-21.996815574071768 
-21.996815574071768 
-23.587354546350806 
-23.587354546350806 
-24.300370982800946 
-24.300370982800946 
-24.300370982800946 
-25.228765993059564 
-25.228765993059564 
-25.492842795977573 
-25.492842795977573 
-25.492842795977573 
-26.454836863750312 
-26.454836863750312 
-26.214338346807125 
-26.214338346807125 
-26.214338346807125 
-26.3812148687677 
-26.3812148687677 
-26.054006002178333 
-26.054006002178333 
-26.054006002178333 
-25.613092054449165 
-25.613092054449165 
-26.5750861222219 
-26.5750861222219 
-26.5750861222219 
